N: 500
rs = [1, 2, 5, 10, 20, 50, 100, 500]
point_multiple = [0.0579608, 0.0630606, 0.0742943, 0.0503912, 0.050782, 0.0506806, 0.0505636, 0.0506385]
point_multiple_parallel = [0.0244416, 0.030257, 0.0303683, 0.0306288, 0.0307544, 0.0306183, 0.0307068, 0.03072]
block_multiple = [0.348651, 0.106037, 0.073013, 0.057226, 0.0463225, 0.0424133, 0.0540888, 0.0548609]
block_multiple_parallel = [0.138697, 0.0539201, 0.030827, 0.025512, 0.0219762, 0.0254556, 0.0234347, 0.0533379]

N: 1500
rs = [1, 2, 5, 10, 15, 20, 30, 50, 100, 500]
point_multiple = [1.52216, 1.67046, 1.60933, 1.64405, 1.63421, 1.59532, 1.63654, 1.64103, 1.58005, 1.60619]
point_multiple_parallel = [0.661318, 0.778075, 0.736471, 0.77721, 0.772498, 0.750559, 0.753852, 0.738097, 0.64271, 0.705552]
block_multiple = [9.7114, 2.86844, 1.92988, 1.55056, 1.43044, 1.22563, 1.22782, 1.11083, 1.42487, 1.33057]
block_multiple_parallel = [3.07021, 1.20231, 0.810097, 0.601915, 0.528593, 0.541658, 0.525039, 0.493301, 0.577144, 0.763597]

N: 2000
rs = [1, 2, 5, 10, 20, 50, 100, 200, 500]
point_multiple = [4.68411, 4.64305, 4.80952, 4.78402, 4.78907, 4.83848, 4.8106, 4.69111, 4.82248]
point_multiple_parallel = [2.15611, 2.10555, 2.15829, 2.09165, 2.06508, 2.13222, 2.15156, 2.13347, 2.14413]
block_multiple = [24.4474, 6.68712, 5.19089, 3.82714, 2.92884, 2.62052, 3.37719, 3.0825, 2.97189]
block_multiple_parallel = [7.96277, 2.85774, 1.95917, 1.4186, 1.30792, 1.14427, 1.34969, 1.23973, 1.38753]

